Greedo 4,0 4,7.5 7,7.5 7,3 9,0 7,0 4,0
Solo 0,0 2,0 4,0 4,2 4,4 2,4 0,4 0,2 0,0
Tori 0,0 --3,4
Tori 0,0
Wendy 2.2.2,4
May 4,0 4,7.5 7,7.75 7,3
Marie 3,4 2.3,5 34,23, 23 :D
Calrissian 0,0 -5,0 0,5 0,0
Organa-4 -5,0 -3,2 0,5 0,2 0,0 -2,0 -5,0
Fett-5 2,-5 2,-2 4,0 6,-3 4,-3 2,-5
Luke -8,-8 -6,-4 -4,-8 -8,-8
Anakin 3,-8 3,-7 3,-6 3,-5 4,-5 5,-5 5,-6 5,-7 5,-10 5,-11 5,-12 5,-13 4,-13 3,-13 3,-12 3,-11 3,-10 3,-9 3,-8
Greedo-2 4,0 4,7.5 7,7.5 7,3 9,0 7,0 4,0
Solo-2 0,0 2,0 4,0 4,2 4,4 2,4 0,4 0,2 0,0
Calrissian-3 0,0 -5,0 0,5 0,0
Organa-3 -5,0 -3,2 0,5 0,2 0,0 -2,0 -5,0
Fett-4 2,-5 2,-2 4,0 6,-3 4,-3 2,-5
Greedo-3 4,0 4,7.5 7,7.5 7,3 9,0 7,0 4,0
Solo-3 0,0 2,0 4,0 4,2 4,4 2,4 0,4 0,2 0,0
Ezinne 2984ytpq uhpt823h ptiq2urhp uh
Calrissian-2 0,0 -5,0 0,5 0,0
Organa-2 -5,0 -3,2 0,5 0,2 0,0 -2,0 -5,0
Fett-3 2,-5 2,-2 4,0 6,-3 4,-3 2,-5
Organa -5,0 -3,2 0,5 0,2 0,0 -2,0 -5,0
Fett-2 2,-5 2,-2 4,0 6,-3 4,-3 2,-5
Fett 2,-5 2,-2 4,0 6,-3 4,-3 2,-5
Jena 3-3-,21 3,4 6,7 8,4 3,4 -5,3
Jessica 3,4 5,6 8,9 3,4 -2,4 3,4 9.3,
Tyler 4,5 6,7 7,8 ,4
AP--TORI'S wehi ew 342ijf 39 6,7 3,5 7,3 9,3 1,2 6,7
Tori's best friend number 42 234989
toriannwindrich
5,3 7,3 1,2 4,7
